t # 0
v 0 8
v 1 16
v 2 8
v 3 7
v 4 6
v 5 6
v 6 6
v 7 6
v 8 6
v 9 6
v 10 6
v 11 7
v 12 6
v 13 6
v 14 6
v 15 6
v 16 6
v 17 6
v 18 7
v 19 6
v 20 6
v 21 6
v 22 6
v 23 6
v 24 16
e 0 1 2
e 1 2 2
e 1 3 1
e 3 4 1
e 4 5 4
e 5 6 4
e 6 7 4
e 7 8 4
e 8 9 1
e 9 10 4
e 10 11 4
e 11 12 4
e 12 13 4
e 13 14 4
e 14 15 4
e 15 16 4
e 16 17 4
e 17 18 4
e 8 19 4
e 1 20 1
e 20 21 4
e 21 22 4
e 22 23 4
e 23 24 4
e 19 4 4
e 24 20 4
e 18 9 4
e 17 12 4
t # 1
v 0 8
v 1 6
v 2 6
v 3 6
v 4 6
v 5 7
v 6 6
v 7 6
v 8 6
v 9 6
v 10 6
v 11 6
v 12 6
v 13 7
v 14 6
v 15 6
v 16 15
v 17 8
v 18 8
v 19 8
v 20 7
v 21 7
v 22 6
v 23 6
v 24 7
v 25 6
v 26 6
v 27 6
v 28 6
v 29 6
v 30 9
v 31 6
v 32 6
v 33 6
v 34 6
v 35 7
e 0 1 2
e 1 2 4
e 2 3 4
e 3 4 1
e 4 5 4
e 5 6 4
e 6 7 1
e 7 8 4
e 8 9 4
e 9 10 4
e 10 11 1
e 11 12 4
e 12 13 4
e 13 14 1
e 14 15 1
e 15 16 1
e 16 17 2
e 16 18 1
e 16 19 1
e 13 20 4
e 20 21 4
e 10 22 4
e 22 23 4
e 6 24 4
e 24 25 4
e 25 26 1
e 26 27 4
e 27 28 4
e 28 29 4
e 29 30 1
e 29 31 4
e 31 32 4
e 3 33 4
e 33 34 4
e 34 35 4
e 35 1 4
e 25 4 4
e 32 26 4
e 23 7 4
e 21 11 4
t # 2
v 0 7
v 1 6
v 2 8
v 3 6
v 4 6
v 5 6
v 6 6
v 7 6
v 8 6
v 9 7
v 10 6
v 11 6
v 12 6
v 13 6
v 14 6
v 15 8
v 16 6
v 17 6
v 18 7
v 19 6
v 20 6
v 21 6
v 22 8
e 0 1 1
e 1 2 2
e 1 3 1
e 3 4 4
e 4 5 4
e 5 6 4
e 6 7 4
e 7 8 4
e 7 9 4
e 9 10 4
e 10 11 1
e 11 12 1
e 12 13 1
e 13 14 1
e 14 15 1
e 14 16 1
e 16 17 1
e 10 18 4
e 18 19 1
e 19 20 1
e 20 21 1
e 21 22 1
e 8 3 4
e 17 11 1
e 18 6 4